[0   0   0   0   0   0   0   0   0   0   0   0   0   0   0   0   0   0   0   0   0   0   0   0   0   0   0   0   0   0   0   0   0   0   0   0   0   0   0   0   0   0   0   0   0   0   0   0   0   0   0   0   0   0   0   0   0   0   0   0   0   0   0   0   0   0   0   0   0   0   0   0   0   0   0   0   0   0   0   0   0   0   0   0   0   0   0   0   0   0   0   0   0   0   0   0   0   0   0   0]
[0   0   0   0   0   0   0   0   0   0   0   0   0   0   0   0   0   0   0   0   0   0   0   0   0   0   0   0   0   0   0   0   0   0   0   0   0   0   0   0   0   0   0   0   0   0   0   0   0   0   0   0   0   0   0   0   0   0   0   0   0   0   0   0   0   0   0   0   0   0   0   0   0   0   0   0   0   0   0   0   0   0   0   0   0   0   0   0   0   0   0   0   0   0   0   0   0   0   0   0]
[0   0   0   0   0   0   0   0   0   0   0   0   0   0   0   0   0   0   0   0   0   0   0   0   0   0   0   0   0   0   0   0   0   0   0   0   0   0   0   0   0   0   0   0   0   0   0   0   0   0   0   0   0   0   0   0   0   0   0   0   0   0   0   0   0   0   0   0   0   0   0   0   0   0   0   0   0   0   0   0   0   0   0   0   0   0   0   0   0   0   0   0   0   0   0   0   0   0   0   0]
[0   0   0   0   0   0   0   0   0   0   0   0   0   0   0   0   0   0   0   0   0   0   0   0   0   0   0   0   0   0   0   0   0   0   0   0   0   0   0   0   0   0   0   0   0   0   0   0   1   1   1   1   1   1   1   1   1   1   1   0   0   0   0   0   0   0   0   0   0   0   0   0   0   0   0   0   0   0   0   0   0   0   0   0   0   0   0   0   0   0   0   0   0   0   0   0   0   0   0   0]
[0   0   0   0   0   0   0   0   0   0   0   0   0   0   0   0   0   0   0   0   0   0   0   0   0   0   0   0   0   0   0   0   0   0   0   0   0   0   0   0   0   1   1   1   1   1   1   1   1   1   1   1   1   1   1   1   1   1   1   1   1   1   1   1   1   1   0   0   0   0   0   0   0   0   0   0   0   0   0   0   0   0   0   0   0   0   0   0   0   0   0   0   0   0   0   0   0   0   0   0]
[0   0   0   0   0   0   0   0   0   0   0   0   0   0   0   0   0   0   0   0   0   0   0   0   0   0   0   0   0   0   0   0   0   0   0   0   0   1   1   1   1   1   1   1   1   1   1   1   1   1   1   1   1   1   1   1   1   1   1   1   1   1   1   1   1   1   1   1   1   1   0   0   0   0   0   0   0   0   0   0   0   0   0   0   0   0   0   0   0   0   0   0   0   0   0   0   0   0   0   0]
[0   0   0   0   0   0   0   0   0   0   0   0   0   0   0   0   0   0   0   0   0   0   0   0   0   0   0   0   0   0   0   0   0   0   1   1   1   1   1   1   1   1   1   1   1   1   1   1   1   1   1   1   1   1   1   1   1   1   1   1   1   1   1   1   1   1   1   1   1   1   1   1   1   0   0   0   0   0   0   0   0   0   0   0   0   0   0   0   0   0   0   0   0   0   0   0   0   0   0   0]
[0   0   0   0   0   0   0   0   0   0   0   0   0   0   0   0   0   0   0   0   0   0   0   0   0   0   0   0   0   0   0   1   1   1   1   1   1   1   1   1   1   1   1   1   1   1   1   1   1   1   1   1   1   1   1   1   1   1   1   1   1   1   1   1   1   1   1   1   1   1   1   1   1   1   1   1   0   0   0   0   0   0   0   0   0   0   0   0   0   0   0   0   0   0   0   0   0   0   0   0]
[0   0   0   0   0   0   0   0   0   0   0   0   0   0   0   0   0   0   0   0   0   0   0   0   0   0   0   0   0   1   1   1   1   1   1   1   1   1   1   1   1   1   1   1   1   1   1   1   1   1   1   1   1   1   1   1   1   1   1   1   1   2   2   2   2   2   2   2   2   1   1   1   1   1   1   1   1   1   0   0   0   0   0   0   0   0   0   0   0   0   0   0   0   0   0   0   0   0   0   0]
[0   0   0   0   0   0   0   0   0   0   0   0   0   0   0   0   0   0   0   0   0   0   0   0   0   0   0   1   1   1   1   1   1   1   1   1   1   1   1   1   1   1   1   1   1   1   1   1   1   1   1   1   1   1   1   1   1   2   2   2   2   2   2   2   3   3   3   2   2   2   2   2   2   1   1   1   1   1   1   1   0   0   0   0   0   0   0   0   0   0   0   0   0   0   0   0   0   0   0   0]
[0   0   0   0   0   0   0   0   0   0   0   0   0   0   0   0   0   0   0   0   0   0   0   0   0   1   1   1   1   1   1   1   1   1   1   1   1   1   1   1   1   1   1   1   1   1   1   1   1   1   1   1   1   1   2   2   2   2   2   2   2   2   3   7   5   5   3   3   3   2   2   2   2   2   2   1   1   1   1   1   1   1   0   0   0   0   0   0   0   0   0   0   0   0   0   0   0   0   0   0]
[0   0   0   0   0   0   0   0   0   0   0   0   0   0   0   0   0   0   0   0   0   0   0   1   1   1   1   1   1   1   1   1   1   1   1   1   1   1   1   1   1   1   1   1   1   1   1   1   1   1   1   1   2   2   2   2   2   2   2   2   3   3   4   5   8   8   4   3   3   3   3   2   2   2   2   2   2   1   1   1   1   1   1   1   0   0   0   0   0   0   0   0   0   0   0   0   0   0   0   0]
[0   0   0   0   0   0   0   0   0   0   0   0   0   0   0   0   0   0   0   0   0   0   1   1   1   1   1   1   1   1   1   1   1   1   1   1   1   1   1   1   1   1   1   1   1   1   1   1   1   1   2   2   2   2   2   2   2   2   2   3   3   3   4   4   7   8   5   4   4   4   3   3   2   2   2   2   2   2   1   1   1   1   1   1   1   1   0   0   0   0   0   0   0   0   0   0   0   0   0   0]
[0   0   0   0   0   0   0   0   0   0   0   0   0   0   0   0   0   0   0   0   1   1   1   1   1   1   1   1   1   1   1   1   1   1   1   1   1   1   1   1   1   1   1   1   1   1   1   1   1   2   2   2   2   2   2   2   2   2   2   3   3   3   4   4   7 100   8   6   5   5   6   4   2   2   2   2   2   2   2   2   1   1   1   1   1   1   1   0   0   0   0   0   0   0   0   0   0   0   0   0]
[0   0   0   0   0   0   0   0   0   0   0   0   0   0   0   0   0   0   0   1   1   1   1   1   1   1   1   1   1   1   1   1   1   1   1   1   1   1   1   1   1   1   1   1   1   1   1   2   2   2   2   2   2   2   2   2   2   2   3   3   3   3   4   4   6   8 15   7   7   7 12   5   3   2   2   2   2   2   2   2   2   1   1   1   1   1   1   1   0   0   0   0   0   0   0   0   0   0   0   0]
[0   0   0   0   0   0   0   0   0   0   0   0   0   0   0   0   0   1   1   1   1   1   1   1   1   1   1   1   1   1   1   1   1   1   1   1   1   1   1   1   1   1   1   1   1   1   2   2   2   2   2   2   2   2   2   2   2   3   3   3   3   3   4   5   6   7 12 11 16 10   7   4   4   3   2   2   2   2   2   2   2   2   1   1   1   1   1   1   1   1   0   0   0   0   0   0   0   0   0   0]
[0   0   0   0   0   0   0   0   0   0   0   0   0   0   0   0   1   1   1   1   1   1   1   1   1   1   1   1   1   1   1   1   1   1   1   1   1   1   1   1   1   1   1   1   1   2   2   2   2   2   2   2   2   2   2   2   3   3   3   3   3   4   5   5   6   7   9 19 10   7   5   5   4   3   3   2   2   2   2   2   2   2   2   1   1   1   1   1   1   1   1   0   0   0   0   0   0   0   0   0]
[0   0   0   0   0   0   0   0   0   0   0   0   0   0   0   1   1   1   1   1   1   1   1   1   1   1   1   1   1   1   1   1   1   1   1   1   1   1   1   1   1   1   1   2   2   2   2   2   2   2   2   2   2   2   2   3   3   3   3   3   4   4   5   6   6   9 12 33 10   8   6   5   4   3   3   3   2   2   2   2   2   2   2   2   1   1   1   1   1   1   1   1   0   0   0   0   0   0   0   0]
[0   0   0   0   0   0   0   0   0   0   0   0   0   0   1   1   1   1   1   1   1   1   1   1   1   1   1   1   1   1   1   1   1   1   1   1   1   1   1   1   1   1   2   2   2   2   2   2   2   2   2   2   2   2   3   3   3   3   3   3   4   5   8   7   9  18  21 100  16   9   6   6   5   4   3   3   3   2   2   2   2   2   2   2   2   1   1   1   1   1   1   1   1   0   0   0   0   0   0   0]
[0   0   0   0   0   0   0   0   0   0   0   0   0   1   1   1   1   1   1   1   1   1   1   1   1   1   1   1   1   1   1   1   1   1   1   1   1   1   1   1   1   2   2   2   2   2   2   2   2   2   2   2   2   3   3   3   3   3   4   4   6   7  12  11  11  15 100 100  25  10   8   9   7   4   3   3   3   3   3   2   2   2   2   2   2   1   1   1   1   1   1   1   1   1   0   0   0   0   0   0]
[0   0   0   0   0   0   0   0   0   0   0   0   1   1   1   1   1   1   1   1   1   1   1   1   1   1   1   1   1   1   1   1   1   1   1   1   1   1   1   1   2   2   2   2   2   2   2   2   2   2   2   2   3   3   3   3   3   4   4   5   7  13  17  17  21 100 100 100  33  21  12  13   7   5   4   3   3   3   3   3   2   2   2   2   2   2   1   1   1   1   1   1   1   1   1   0   0   0   0   0]
[0   0   0   0   0   0   0   0   0   0   0   1   1   1   1   1   1   1   1   1   1   1   1   1   1   1   1   1   1   1   1   1   1   1   1   1   1   1   2   2   2   2   2   2   2   2   2   2   2   2   2   3   3   3   3   4   4   4   5   5   6   8  16 100 100 100 100 100 100  44  49  13  10   5   4   4   3   3   3   3   3   3   2   2   2   2   2   1   1   1   1   1   1   1   1   1   0   0   0   0]
[0   0   0   0   0   0   0   0   0   0   1   1   1   1   1   1   1   1   1   1   1   1   1   1   1   1   1   1   1   1   1   1   1   1   1   1   1   2   2   2   2   2   2   2   2   2   2   2   2   3   3   3   4   4   4   4   4   5   5   5   6   8  20  94 100 100 100 100 100 100  25  10   7   5   5   4   4   3   3   3   3   3   3   2   2   2   2   1   1   1   1   1   1   1   1   1   1   0   0   0]
[0   0   0   0   0   0   0   0   0   0   1   1   1   1   1   1   1   1   1   1   1   1   1   1   1   1   1   1   1   1   1   1   1   1   1   1   2   2   2   2   2   2   2   2   2   2   2   2   3   3   3   4   4   4   4   4   5   5   5   6   7  11  25 100 100 100 100 100 100 100  47  65   7   6   5   5   4   4   4   3   3   3   3   3   2   2   2   2   1   1   1   1   1   1   1   1   1   0   0   0]
[0   0   0   0   0   0   0   0   0   1   1   1   1   1   1   1   1   1   1   1   1   1   1   1   1   1   1   1   1   1   1   1   1   1   1   2   2   2   2   2   2   2   2   2   2   2   3   3   3   4   5   5   5   5   5   5   5   5   6   7   7   9  24 100 100 100 100 100 100 100  24  10   8   6   6   5   5   4   4   4   4   4   4   4   3   2   2   2   2   1   1   1   1   1   1   1   1   1   0   0]
[0   0   0   0   0   0   0   0   1   1   1   1   1   1   1   1   1   1   1   1   1   1   1   1   1   1   1   1   1   1   1   1   1   1   2   2   2   2   2   2   2   2   2   2   3   3   3   3   4   7   6   6  13   7   6   6   6   7   7   8   8  10  12  35 100 100 100 100 100 100  16  10   9   7   7   8   6   5   4   4   4   4   5   7   6   3   2   2   2   1   1   1   1   1   1   1   1   1   1   0]
[0   0   0   0   0   0   0   0   1   1   1   1   1   1   1   1   1   1   1   1   1   1   1   1   1   1   1   1   1   1   1   1   1   2   2   2   2   2   2   2   2   2   3   3   3   3   3   4   5  10  14  15 100   9   7   7   8  18  20  10  42  13  15  17  27 100 100 100 100  20  15  44  12  20   9  24  18   6   6   5   5   5   6   8  11   4   3   2   2   2   1   1   1   1   1   1   1   1   1   1]
[0   0   0   0   0   0   0   1   1   1   1   1   1   1   1   1   1   1   1   1   1   1   1   1   1   1   1   1   1   1   1   2   2   2   2   2   2   2   2   3   3   3   3   3   3   3   4   4   5   8  16  52  16  29  11   9  10  19  64  17 100 100 100 100 100 100 100 100 100 100 100 100  27  69  14  31  21   9   7   7   7   7   7  12   8   5   4   3   2   2   1   1   1   1   1   1   1   1   1   1]
[0   0   0   0   0   0   1   1   1   1   1   1   1   1   1   1   1   1   1   1   1   1   1   1   1   1   1   1   1   1   2   2   2   2   2   2   2   3   3   3   3   3   3   3   3   4   4   5   5  12  13  32 100  85  23  12  25  20 100 100 100 100 100 100 100 100 100 100 100 100 100 100 100 100 100 100  49  11   8   9  23  56  10  13  12  13   4   3   2   2   2   1   1   1   1   1   1   1   1   1]
[0   0   0   0   0   0   1   1   1   1   1   1   1   1   1   1   1   1   1   1   1   1   1   1   1   1   1   1   1   2   2   2   2   2   3   3   3   3   3   3   3   3   3   3   4   4   4   5   6   7  11  20 100 100 100  18  37 100 100 100 100 100 100 100 100 100 100 100 100 100 100 100 100 100 100 100 100 100  12  51  28  33  30  41  48   7   4   3   3   2   2   1   1   1   1   1   1   1   1   1]
[0   0   0   0   0   1   1   1   1   1   1   1   1   1   1   1   1   1   1   1   1   1   1   1   1   1   1   2   2   2   2   2   3   3   3   3   3   3   3   3   3   3   3   4   4   4   4   5   6   7  43  81 100 100 100 100 100 100 100 100 100 100 100 100 100 100 100 100 100 100 100 100 100 100 100 100 100 100  24  54 100 100 100  37   9   6   4   3   3   2   2   1   1   1   1   1   1   1   1   1]
[0   0   0   0   0   1   1   1   1   1   1   1   1   1   1   1   1   1   1   1   1   1   1   1   1   1   2   2   2   3   3   3   3   3   3   3   3   3   3   3   3   4   4   4   4   4   5   6   7   8  10  14  28 100 100 100 100 100 100 100 100 100 100 100 100 100 100 100 100 100 100 100 100 100 100 100 100 100 100  38 100 100 100  19   8   5   4   3   3   2   2   2   1   1   1   1   1   1   1   1]
[0   0   0   0   1   1   1   1   1   1   1   1   1   1   1   1   1   1   1   1   1   1   1   1   2   2   2   3   3   3   3   3   3   3   3   3   3   3   3   3   4   4   4   4   4   5   6   8  19  10  19  18  88 100 100 100 100 100 100 100 100 100 100 100 100 100 100 100 100 100 100 100 100 100 100 100 100 100 100 100 100 100  30  13   6   5   4   3   3   3   2   2   1   1   1   1   1   1   1   1]
[0   0   0   0   1   1   1   1   1   1   1   1   1   1   1   1   1   1   1   1   1   1   2   2   2   3   3   4   4   3   3   3   3   3   3   3   3   3   3   4   4   4   4   4   5   6  19  29  18  17  19 100 100 100 100 100 100 100 100 100 100 100 100 100 100 100 100 100 100 100 100 100 100 100 100 100 100 100 100 100 100 100  12   8   6   5   4   4   3   3   2   2   1   1   1   1   1   1   1   1]
[0   0   0   1   1   1   1   1   1   1   1   1   1   1   1   1   1   1   1   2   2   2   2   2   3  12   5   4   4   4   4   4   4   3   3   3   4   4   4   4   4   4   5   5   6   7  12  24 100 100 100 100 100 100 100 100 100 100 100 100 100 100 100 100 100 100 100 100 100 100 100 100 100 100 100 100 100 100 100 100 100 100  50  15   7   6   5   4   3   3   2   2   2   1   1   1   1   1   1   1]
[0   0   0   1   1   1   1   1   1   1   1   1   1   1   1   1   2   2   2   2   2   2   3   3   4   6  14   7   5   4   4   4   4   4   4   4   5   5   5   5   5   5   5   5   6   7   9  12  44 100 100 100 100 100 100 100 100 100 100 100 100 100 100 100 100 100 100 100 100 100 100 100 100 100 100 100 100 100 100 100 100 100 100  23   8   7   7   6   3   3   2   2   2   1   1   1   1   1   1   1]
[0   0   0   1   1   1   1   1   1   1   1   1   1   2   2   2   2   2   2   2   3   3   3   4   4   6  13   7   6   5   5   5   5   6   8   7   6   5   5   5   5   5   5   6   6   8  18  14  30 100 100 100 100 100 100 100 100 100 100 100 100 100 100 100 100 100 100 100 100 100 100 100 100 100 100 100 100 100 100 100 100 100 100  57  12  11  10  11   4   3   2   2   2   1   1   1   1   1   1   1]
[0   0   1   1   1   1   1   1   1   1   2   2   2   2   2   2   2   2   2   3   3   3   3   4   4  11  15   8   7   7   6   6   6   7  20   9   7   6   6   5   6   6   6   6   7  14  38 100 100 100 100 100 100 100 100 100 100 100 100 100 100 100 100 100 100 100 100 100 100 100 100 100 100 100 100 100 100 100 100 100 100 100 100 100 100  26  18  10   4   3   2   2   2   2   1   1   1   1   1   1]
[0   0   1   1   1   1   1   1   2   2   2   2   2   2   2   2   2   2   3   3   3   3   3   4   4   6   9  15  12   9  16   8   7   9  27  25  10   8   9   7   7   7   7   7   8  10  17 100 100 100 100 100 100 100 100 100 100 100 100 100 100 100 100 100 100 100 100 100 100 100 100 100 100 100 100 100 100 100 100 100 100 100 100 100 100  76  15   7   4   3   2   2   2   2   1   1   1   1   1   1]
[0   0   1   1   1   1   1   2   2   2   2   2   2   2   2   2   2   3   3   3   3   3   4   4   5   6   7   9  12  23  20  28  10  10  13  21  35  11  17   9   8   7   7   8   8  15  35 100 100 100 100 100 100 100 100 100 100 100 100 100 100 100 100 100 100 100 100 100 100 100 100 100 100 100 100 100 100 100 100 100 100 100 100 100  20  11   7   5   4   3   2   2   2   2   1   1   1   1   1   1]
[0   0   1   1   1   2   2   2   2   2   2   2   2   2   2   2   3   3   3   3   3   3   4   4   5   5   7   8  10  25 100  78  15  46  19 100  47  18  23  15  34   9   9   9  10  15 100 100 100 100 100 100 100 100 100 100 100 100 100 100 100 100 100 100 100 100 100 100 100 100 100 100 100 100 100 100 100 100 100 100 100 100 100 100 100  10   7   5   4   3   2   2   2   2   1   1   1   1   1   1]
[0   1   1   1   2   2   2   2   2   2   2   2   2   2   2   3   3   3   3   3   3   3   4   5   5   5   7   8  21  27 100 100  36 100 100 100 100 100 100  31  38  12  10  10  11 100 100 100 100 100 100 100 100 100 100 100 100 100 100 100 100 100 100 100 100 100 100 100 100 100 100 100 100 100 100 100 100 100 100 100 100 100 100 100 100  24  11   5   4   3   2   2   2   2   2   1   1   1   1   1]
[0   1   1   2   2   2   2   2   2   2   2   2   2   2   3   3   3   3   3   3   3   4   5   5   5   6   8   9  11  18 100 100 100 100 100 100 100 100 100 100 100  30  13  12  12  59 100 100 100 100 100 100 100 100 100 100 100 100 100 100 100 100 100 100 100 100 100 100 100 100 100 100 100 100 100 100 100 100 100 100 100 100 100 100 100 100  19   5   3   3   2   2   2   2   2   1   1   1   1   1]
[0   1   1   2   2   2   2   2   2   2   2   2   2   3   3   3   3   3   3   3   4   5   5   6   6   8  14  13  17 100 100 100 100 100 100 100 100 100 100 100 100 100  96  14  15 100 100 100 100 100 100 100 100 100 100 100 100 100 100 100 100 100 100 100 100 100 100 100 100 100 100 100 100 100 100 100 100 100 100 100 100 100 100 100 100  10   6   4   3   3   2   2   2   2   2   1   1   1   1   1]
[0   1   2   2   2   2   2   2   2   2   2   2   3   3   3   3   3   3   4   4   6   8   6   7   7   8  11  26 100 100 100 100 100 100 100 100 100 100 100 100 100 100 100  19  18 100 100 100 100 100 100 100 100 100 100 100 100 100 100 100 100 100 100 100 100 100 100 100 100 100 100 100 100 100 100 100 100 100 100 100 100 100 100 100 100  12   5   4   3   3   2   2   2   2   2   1   1   1   1   1]
[0   2   2   2   2   2   2   2   2   2   2   3   3   4   4   4   4   4   5   5   6  19   8   8   9   9  15  48 100 100 100 100 100 100 100 100 100 100 100 100 100 100 100 100  22 100 100 100 100 100 100 100 100 100 100 100 100 100 100 100 100 100 100 100 100 100 100 100 100 100 100 100 100 100 100 100 100 100 100 100 100 100 100 100  16  19   5   4   3   3   2   2   2   2   2   1   1   1   1   1]
[0   2   2   2   2   2   2   2   2   2   3   4   4   4   4   4   4   5   5   6   7   9  15  11  17  12  15  47 100 100 100 100 100 100 100 100 100 100 100 100 100 100 100 100  28 100 100 100 100 100 100 100 100 100 100 100 100 100 100 100 100 100 100 100 100 100 100 100 100 100 100 100 100 100 100 100 100 100 100 100 100 100 100 100  24   6   4   4   3   3   2   2   2   2   2   1   1   1   1   1]
[0   2   3   3   3   3   3   3   3   4   4   4   4   4   4   5   5   5   5   7   7   9  16  48  29  29  19 100 100 100 100 100 100 100 100 100 100 100 100 100 100 100 100 100  42 100 100 100 100 100 100 100 100 100 100 100 100 100 100 100 100 100 100 100 100 100 100 100 100 100 100 100 100 100 100 100 100 100 100 100 100 100 100 100   7   5   4   3   3   3   2   2   2   2   2   1   1   1   1   1]
[0   3   3   3   4   4   4   5   7   5   5   5   5   5   6   6   6   7  10   8   9  13  23 100 100 100  72 100 100 100 100 100 100 100 100 100 100 100 100 100 100 100 100 100 100 100 100 100 100 100 100 100 100 100 100 100 100 100 100 100 100 100 100 100 100 100 100 100 100 100 100 100 100 100 100 100 100 100 100 100 100 100 100   8   6   5   4   3   3   3   2   2   2   2   2   1   1   1   1   1]
[0   4   3   5   5   4   6   7  12  12   7   7   8  11   8  13   8  10  11  12  13  21 100 100 100 100 100 100 100 100 100 100 100 100 100 100 100 100 100 100 100 100 100 100 100 100 100 100 100 100 100 100 100 100 100 100 100 100 100 100 100 100 100 100 100 100 100 100 100 100 100 100 100 100 100 100 100 100 100 100 100 100   9   7   5   4   4   3   3   3   2   2   2   2   2   1   1   1   1   1]
[0   4   3   5   5   4   6   7  12  12   7   7   8  11   8  13   8  10  11  12  13  21 100 100 100 100 100 100 100 100 100 100 100 100 100 100 100 100 100 100 100 100 100 100 100 100 100 100 100 100 100 100 100 100 100 100 100 100 100 100 100 100 100 100 100 100 100 100 100 100 100 100 100 100 100 100 100 100 100 100 100 100   9   7   5   4   4   3   3   3   2   2   2   2   2   1   1   1   1   1]
[0   3   3   3   4   4   4   5   7   5   5   5   5   5   6   6   6   7  10   8   9  13  23 100 100 100  72 100 100 100 100 100 100 100 100 100 100 100 100 100 100 100 100 100 100 100 100 100 100 100 100 100 100 100 100 100 100 100 100 100 100 100 100 100 100 100 100 100 100 100 100 100 100 100 100 100 100 100 100 100 100 100 100   8   6   5   4   3   3   3   2   2   2   2   2   1   1   1   1   1]
[0   2   3   3   3   3   3   3   3   4   4   4   4   4   4   5   5   5   5   7   7   9  16  48  29  29  19 100 100 100 100 100 100 100 100 100 100 100 100 100 100 100 100 100  42 100 100 100 100 100 100 100 100 100 100 100 100 100 100 100 100 100 100 100 100 100 100 100 100 100 100 100 100 100 100 100 100 100 100 100 100 100 100 100   7   5   4   3   3   3   2   2   2   2   2   1   1   1   1   1]
[0   2   2   2   2   2   2   2   2   2   3   4   4   4   4   4   4   5   5   6   7   9  15  11  17  12  15  47 100 100 100 100 100 100 100 100 100 100 100 100 100 100 100 100  28 100 100 100 100 100 100 100 100 100 100 100 100 100 100 100 100 100 100 100 100 100 100 100 100 100 100 100 100 100 100 100 100 100 100 100 100 100 100 100  24   6   4   4   3   3   2   2   2   2   2   1   1   1   1   1]
[0   2   2   2   2   2   2   2   2   2   2   3   3   4   4   4   4   4   5   5   6  19   8   8   9   9  15  48 100 100 100 100 100 100 100 100 100 100 100 100 100 100 100 100  22 100 100 100 100 100 100 100 100 100 100 100 100 100 100 100 100 100 100 100 100 100 100 100 100 100 100 100 100 100 100 100 100 100 100 100 100 100 100 100  16  19   5   4   3   3   2   2   2   2   2   1   1   1   1   1]
[0   1   2   2   2   2   2   2   2   2   2   2   3   3   3   3   3   3   4   4   6   8   6   7   7   8  11  26 100 100 100 100 100 100 100 100 100 100 100 100 100 100 100  19  18 100 100 100 100 100 100 100 100 100 100 100 100 100 100 100 100 100 100 100 100 100 100 100 100 100 100 100 100 100 100 100 100 100 100 100 100 100 100 100 100  12   5   4   3   3   2   2   2   2   2   1   1   1   1   1]
[0   1   1   2   2   2   2   2   2   2   2   2   2   3   3   3   3   3   3   3   4   5   5   6   6   8  14  13  17 100 100 100 100 100 100 100 100 100 100 100 100 100  96  14  15 100 100 100 100 100 100 100 100 100 100 100 100 100 100 100 100 100 100 100 100 100 100 100 100 100 100 100 100 100 100 100 100 100 100 100 100 100 100 100 100  10   6   4   3   3   2   2   2   2   2   1   1   1   1   1]
[0   1   1   2   2   2   2   2   2   2   2   2   2   2   3   3   3   3   3   3   3   4   5   5   5   6   8   9  11  18 100 100 100 100 100 100 100 100 100 100 100  30  13  12  12  59 100 100 100 100 100 100 100 100 100 100 100 100 100 100 100 100 100 100 100 100 100 100 100 100 100 100 100 100 100 100 100 100 100 100 100 100 100 100 100 100  19   5   3   3   2   2   2   2   2   1   1   1   1   1]
[0   1   1   1   2   2   2   2   2   2   2   2   2   2   2   3   3   3   3   3   3   3   4   5   5   5   7   8  21  27 100 100  36 100 100 100 100 100 100  31  38  12  10  10  11 100 100 100 100 100 100 100 100 100 100 100 100 100 100 100 100 100 100 100 100 100 100 100 100 100 100 100 100 100 100 100 100 100 100 100 100 100 100 100 100  24  11   5   4   3   2   2   2   2   2   1   1   1   1   1]
[0   0   1   1   1   2   2   2   2   2   2   2   2   2   2   2   3   3   3   3   3   3   4   4   5   5   7   8  10  25 100  78  15  46  19 100  47  18  23  15  34   9   9   9  10  15 100 100 100 100 100 100 100 100 100 100 100 100 100 100 100 100 100 100 100 100 100 100 100 100 100 100 100 100 100 100 100 100 100 100 100 100 100 100 100  10   7   5   4   3   2   2   2   2   1   1   1   1   1   1]
[0   0   1   1   1   1   1   2   2   2   2   2   2   2   2   2   2   3   3   3   3   3   4   4   5   6   7   9  12  23  20  28  10  10  13  21  35  11  17   9   8   7   7   8   8  15  35 100 100 100 100 100 100 100 100 100 100 100 100 100 100 100 100 100 100 100 100 100 100 100 100 100 100 100 100 100 100 100 100 100 100 100 100 100  20  11   7   5   4   3   2   2   2   2   1   1   1   1   1   1]
[0   0   1   1   1   1   1   1   2   2   2   2   2   2   2   2   2   2   3   3   3   3   3   4   4   6   9  15  12   9  16   8   7   9  27  25  10   8   9   7   7   7   7   7   8  10  17 100 100 100 100 100 100 100 100 100 100 100 100 100 100 100 100 100 100 100 100 100 100 100 100 100 100 100 100 100 100 100 100 100 100 100 100 100 100  76  15   7   4   3   2   2   2   2   1   1   1   1   1   1]
[0   0   1   1   1   1   1   1   1   1   2   2   2   2   2   2   2   2   2   3   3   3   3   4   4  11  15   8   7   7   6   6   6   7  20   9   7   6   6   5   6   6   6   6   7  14  38 100 100 100 100 100 100 100 100 100 100 100 100 100 100 100 100 100 100 100 100 100 100 100 100 100 100 100 100 100 100 100 100 100 100 100 100 100 100  26  18  10   4   3   2   2   2   2   1   1   1   1   1   1]
[0   0   0   1   1   1   1   1   1   1   1   1   1   2   2   2   2   2   2   2   3   3   3   4   4   6  13   7   6   5   5   5   5   6   8   7   6   5   5   5   5   5   5   6   6   8  18  14  30 100 100 100 100 100 100 100 100 100 100 100 100 100 100 100 100 100 100 100 100 100 100 100 100 100 100 100 100 100 100 100 100 100 100  57  12  11  10  11   4   3   2   2   2   1   1   1   1   1   1   1]
[0   0   0   1   1   1   1   1   1   1   1   1   1   1   1   1   2   2   2   2   2   2   3   3   4   6  14   7   5   4   4   4   4   4   4   4   5   5   5   5   5   5   5   5   6   7   9  12  44 100 100 100 100 100 100 100 100 100 100 100 100 100 100 100 100 100 100 100 100 100 100 100 100 100 100 100 100 100 100 100 100 100 100  23   8   7   7   6   3   3   2   2   2   1   1   1   1   1   1   1]
[0   0   0   1   1   1   1   1   1   1   1   1   1   1   1   1   1   1   1   2   2   2   2   2   3  12   5   4   4   4   4   4   4   3   3   3   4   4   4   4   4   4   5   5   6   7  12  24 100 100 100 100 100 100 100 100 100 100 100 100 100 100 100 100 100 100 100 100 100 100 100 100 100 100 100 100 100 100 100 100 100 100  50  15   7   6   5   4   3   3   2   2   2   1   1   1   1   1   1   1]
[0   0   0   0   1   1   1   1   1   1   1   1   1   1   1   1   1   1   1   1   1   1   2   2   2   3   3   4   4   3   3   3   3   3   3   3   3   3   3   4   4   4   4   4   5   6  19  29  18  17  19 100 100 100 100 100 100 100 100 100 100 100 100 100 100 100 100 100 100 100 100 100 100 100 100 100 100 100 100 100 100 100  12   8   6   5   4   4   3   3   2   2   1   1   1   1   1   1   1   1]
[0   0   0   0   1   1   1   1   1   1   1   1   1   1   1   1   1   1   1   1   1   1   1   1   2   2   2   3   3   3   3   3   3   3   3   3   3   3   3   3   4   4   4   4   4   5   6   8  19  10  19  18  88 100 100 100 100 100 100 100 100 100 100 100 100 100 100 100 100 100 100 100 100 100 100 100 100 100 100 100 100 100  30  13   6   5   4   3   3   3   2   2   1   1   1   1   1   1   1   1]
[0   0   0   0   0   1   1   1   1   1   1   1   1   1   1   1   1   1   1   1   1   1   1   1   1   1   2   2   2   3   3   3   3   3   3   3   3   3   3   3   3   4   4   4   4   4   5   6   7   8  10  14  28 100 100 100 100 100 100 100 100 100 100 100 100 100 100 100 100 100 100 100 100 100 100 100 100 100 100  38 100 100 100  19   8   5   4   3   3   2   2   2   1   1   1   1   1   1   1   1]
[0   0   0   0   0   1   1   1   1   1   1   1   1   1   1   1   1   1   1   1   1   1   1   1   1   1   1   2   2   2   2   2   3   3   3   3   3   3   3   3   3   3   3   4   4   4   4   5   6   7  43  81 100 100 100 100 100 100 100 100 100 100 100 100 100 100 100 100 100 100 100 100 100 100 100 100 100 100  24  54 100 100 100  37   9   6   4   3   3   2   2   1   1   1   1   1   1   1   1   1]
[0   0   0   0   0   0   1   1   1   1   1   1   1   1   1   1   1   1   1   1   1   1   1   1   1   1   1   1   1   2   2   2   2   2   3   3   3   3   3   3   3   3   3   3   4   4   4   5   6   7  11  20 100 100 100  18  37 100 100 100 100 100 100 100 100 100 100 100 100 100 100 100 100 100 100 100 100 100  12  51  28  33  30  41  48   7   4   3   3   2   2   1   1   1   1   1   1   1   1   1]
[0   0   0   0   0   0   1   1   1   1   1   1   1   1   1   1   1   1   1   1   1   1   1   1   1   1   1   1   1   1   2   2   2   2   2   2   2   3   3   3   3   3   3   3   3   4   4   5   5  12  13  32 100  85  23  12  25  20 100 100 100 100 100 100 100 100 100 100 100 100 100 100 100 100 100 100  49  11   8   9  23  56  10  13  12  13   4   3   2   2   2   1   1   1   1   1   1   1   1   1]
[0   0   0   0   0   0   0   1   1   1   1   1   1   1   1   1   1   1   1   1   1   1   1   1   1   1   1   1   1   1   1   2   2   2   2   2   2   2   2   3   3   3   3   3   3   3   4   4   5   8  16  52  16  29  11   9  10  19  64  17 100 100 100 100 100 100 100 100 100 100 100 100  27  69  14  31  21   9   7   7   7   7   7  12   8   5   4   3   2   2   1   1   1   1   1   1   1   1   1   1]
[0   0   0   0   0   0   0   0   1   1   1   1   1   1   1   1   1   1   1   1   1   1   1   1   1   1   1   1   1   1   1   1   1   2   2   2   2   2   2   2   2   2   3   3   3   3   3   4   5  10  14  15 100   9   7   7   8  18  20  10  42  13  15  17  27 100 100 100 100  20  15  44  12  20   9  24  18   6   6   5   5   5   6   8  11   4   3   2   2   2   1   1   1   1   1   1   1   1   1   1]
[0   0   0   0   0   0   0   0   1   1   1   1   1   1   1   1   1   1   1   1   1   1   1   1   1   1   1   1   1   1   1   1   1   1   2   2   2   2   2   2   2   2   2   2   3   3   3   3   4   7   6   6  13   7   6   6   6   7   7   8   8  10  12  35 100 100 100 100 100 100  16  10   9   7   7   8   6   5   4   4   4   4   5   7   6   3   2   2   2   1   1   1   1   1   1   1   1   1   1   0]
[0   0   0   0   0   0   0   0   0   1   1   1   1   1   1   1   1   1   1   1   1   1   1   1   1   1   1   1   1   1   1   1   1   1   1   2   2   2   2   2   2   2   2   2   2   2   3   3   3   4   5   5   5   5   5   5   5   5   6   7   7   9  24 100 100 100 100 100 100 100  24  10   8   6   6   5   5   4   4   4   4   4   4   4   3   2   2   2   2   1   1   1   1   1   1   1   1   1   0   0]
[0   0   0   0   0   0   0   0   0   0   1   1   1   1   1   1   1   1   1   1   1   1   1   1   1   1   1   1   1   1   1   1   1   1   1   1   2   2   2   2   2   2   2   2   2   2   2   2   3   3   3   4   4   4   4   4   5   5   5   6   7  11  25 100 100 100 100 100 100 100  47  65   7   6   5   5   4   4   4   3   3   3   3   3   2   2   2   2   1   1   1   1   1   1   1   1   1   0   0   0]
[0   0   0   0   0   0   0   0   0   0   1   1   1   1   1   1   1   1   1   1   1   1   1   1   1   1   1   1   1   1   1   1   1   1   1   1   1   2   2   2   2   2   2   2   2   2   2   2   2   3   3   3   4   4   4   4   4   5   5   5   6   8  20  94 100 100 100 100 100 100  25  10   7   5   5   4   4   3   3   3   3   3   3   2   2   2   2   1   1   1   1   1   1   1   1   1   1   0   0   0]
[0   0   0   0   0   0   0   0   0   0   0   1   1   1   1   1   1   1   1   1   1   1   1   1   1   1   1   1   1   1   1   1   1   1   1   1   1   1   2   2   2   2   2   2   2   2   2   2   2   2   2   3   3   3   3   4   4   4   5   5   6   8  16 100 100 100 100 100 100  44  49  13  10   5   4   4   3   3   3   3   3   3   2   2   2   2   2   1   1   1   1   1   1   1   1   1   0   0   0   0]
[0   0   0   0   0   0   0   0   0   0   0   0   1   1   1   1   1   1   1   1   1   1   1   1   1   1   1   1   1   1   1   1   1   1   1   1   1   1   1   1   2   2   2   2   2   2   2   2   2   2   2   2   3   3   3   3   3   4   4   5   7  13  17  17  21 100 100 100  33  21  12  13   7   5   4   3   3   3   3   3   2   2   2   2   2   2   1   1   1   1   1   1   1   1   1   0   0   0   0   0]
[0   0   0   0   0   0   0   0   0   0   0   0   0   1   1   1   1   1   1   1   1   1   1   1   1   1   1   1   1   1   1   1   1   1   1   1   1   1   1   1   1   2   2   2   2   2   2   2   2   2   2   2   2   3   3   3   3   3   4   4   6   7  12  11  11  15 100 100  25  10   8   9   7   4   3   3   3   3   3   2   2   2   2   2   2   1   1   1   1   1   1   1   1   1   0   0   0   0   0   0]
[0   0   0   0   0   0   0   0   0   0   0   0   0   0   1   1   1   1   1   1   1   1   1   1   1   1   1   1   1   1   1   1   1   1   1   1   1   1   1   1   1   1   2   2   2   2   2   2   2   2   2   2   2   2   3   3   3   3   3   3   4   5   8   7   9  18  21 100  16   9   6   6   5   4   3   3   3   2   2   2   2   2   2   2   2   1   1   1   1   1   1   1   1   0   0   0   0   0   0   0]
[0   0   0   0   0   0   0   0   0   0   0   0   0   0   0   1   1   1   1   1   1   1   1   1   1   1   1   1   1   1   1   1   1   1   1   1   1   1   1   1   1   1   1   2   2   2   2   2   2   2   2   2   2   2   2   3   3   3   3   3   4   4   5   6   6   9 12 33 10   8   6   5   4   3   3   3   2   2   2   2   2   2   2   2   1   1   1   1   1   1   1   1   0   0   0   0   0   0   0   0]
[0   0   0   0   0   0   0   0   0   0   0   0   0   0   0   0   1   1   1   1   1   1   1   1   1   1   1   1   1   1   1   1   1   1   1   1   1   1   1   1   1   1   1   1   1   2   2   2   2   2   2   2   2   2   2   2   3   3   3   3   3   4   5   5   6   7   9 19 10   7   5   5   4   3   3   2   2   2   2   2   2   2   2   1   1   1   1   1   1   1   1   0   0   0   0   0   0   0   0   0]
[0   0   0   0   0   0   0   0   0   0   0   0   0   0   0   0   0   1   1   1   1   1   1   1   1   1   1   1   1   1   1   1   1   1   1   1   1   1   1   1   1   1   1   1   1   1   2   2   2   2   2   2   2   2   2   2   2   3   3   3   3   3   4   5   6   7 12 11 16 10   7   4   4   3   2   2   2   2   2   2   2   2   1   1   1   1   1   1   1   1   0   0   0   0   0   0   0   0   0   0]
[0   0   0   0   0   0   0   0   0   0   0   0   0   0   0   0   0   0   0   1   1   1   1   1   1   1   1   1   1   1   1   1   1   1   1   1   1   1   1   1   1   1   1   1   1   1   1   2   2   2   2   2   2   2   2   2   2   2   3   3   3   3   4   4   6   8 15   7   7   7 12   5   3   2   2   2   2   2   2   2   2   1   1   1   1   1   1   1   0   0   0   0   0   0   0   0   0   0   0   0]
[0   0   0   0   0   0   0   0   0   0   0   0   0   0   0   0   0   0   0   0   1   1   1   1   1   1   1   1   1   1   1   1   1   1   1   1   1   1   1   1   1   1   1   1   1   1   1   1   1   2   2   2   2   2   2   2   2   2   2   3   3   3   4   4   7 100   8   6   5   5   6   4   2   2   2   2   2   2   2   2   1   1   1   1   1   1   1   0   0   0   0   0   0   0   0   0   0   0   0   0]
[0   0   0   0   0   0   0   0   0   0   0   0   0   0   0   0   0   0   0   0   0   0   1   1   1   1   1   1   1   1   1   1   1   1   1   1   1   1   1   1   1   1   1   1   1   1   1   1   1   1   2   2   2   2   2   2   2   2   2   3   3   3   4   4   7   8   5   4   4   4   3   3   2   2   2   2   2   2   1   1   1   1   1   1   1   1   0   0   0   0   0   0   0   0   0   0   0   0   0   0]
[0   0   0   0   0   0   0   0   0   0   0   0   0   0   0   0   0   0   0   0   0   0   0   1   1   1   1   1   1   1   1   1   1   1   1   1   1   1   1   1   1   1   1   1   1   1   1   1   1   1   1   1   2   2   2   2   2   2   2   2   3   3   4   5   8   8   4   3   3   3   3   2   2   2   2   2   2   1   1   1   1   1   1   1   0   0   0   0   0   0   0   0   0   0   0   0   0   0   0   0]
[0   0   0   0   0   0   0   0   0   0   0   0   0   0   0   0   0   0   0   0   0   0   0   0   0   1   1   1   1   1   1   1   1   1   1   1   1   1   1   1   1   1   1   1   1   1   1   1   1   1   1   1   1   1   2   2   2   2   2   2   2   2   3   7   5   5   3   3   3   2   2   2   2   2   2   1   1   1   1   1   1   1   0   0   0   0   0   0   0   0   0   0   0   0   0   0   0   0   0   0]
[0   0   0   0   0   0   0   0   0   0   0   0   0   0   0   0   0   0   0   0   0   0   0   0   0   0   0   1   1   1   1   1   1   1   1   1   1   1   1   1   1   1   1   1   1   1   1   1   1   1   1   1   1   1   1   1   1   2   2   2   2   2   2   2   3   3   3   2   2   2   2   2   2   1   1   1   1   1   1   1   0   0   0   0   0   0   0   0   0   0   0   0   0   0   0   0   0   0   0   0]
[0   0   0   0   0   0   0   0   0   0   0   0   0   0   0   0   0   0   0   0   0   0   0   0   0   0   0   0   0   1   1   1   1   1   1   1   1   1   1   1   1   1   1   1   1   1   1   1   1   1   1   1   1   1   1   1   1   1   1   1   1   2   2   2   2   2   2   2   2   1   1   1   1   1   1   1   1   1   0   0   0   0   0   0   0   0   0   0   0   0   0   0   0   0   0   0   0   0   0   0]
[0   0   0   0   0   0   0   0   0   0   0   0   0   0   0   0   0   0   0   0   0   0   0   0   0   0   0   0   0   0   0   1   1   1   1   1   1   1   1   1   1   1   1   1   1   1   1   1   1   1   1   1   1   1   1   1   1   1   1   1   1   1   1   1   1   1   1   1   1   1   1   1   1   1   1   1   0   0   0   0   0   0   0   0   0   0   0   0   0   0   0   0   0   0   0   0   0   0   0   0]
[0   0   0   0   0   0   0   0   0   0   0   0   0   0   0   0   0   0   0   0   0   0   0   0   0   0   0   0   0   0   0   0   0   0   1   1   1   1   1   1   1   1   1   1   1   1   1   1   1   1   1   1   1   1   1   1   1   1   1   1   1   1   1   1   1   1   1   1   1   1   1   1   1   0   0   0   0   0   0   0   0   0   0   0   0   0   0   0   0   0   0   0   0   0   0   0   0   0   0   0]
[0   0   0   0   0   0   0   0   0   0   0   0   0   0   0   0   0   0   0   0   0   0   0   0   0   0   0   0   0   0   0   0   0   0   0   0   0   1   1   1   1   1   1   1   1   1   1   1   1   1   1   1   1   1   1   1   1   1   1   1   1   1   1   1   1   1   1   1   1   1   0   0   0   0   0   0   0   0   0   0   0   0   0   0   0   0   0   0   0   0   0   0   0   0   0   0   0   0   0   0]
[0   0   0   0   0   0   0   0   0   0   0   0   0   0   0   0   0   0   0   0   0   0   0   0   0   0   0   0   0   0   0   0   0   0   0   0   0   0   0   0   0   1   1   1   1   1   1   1   1   1   1   1   1   1   1   1   1   1   1   1   1   1   1   1   1   1   0   0   0   0   0   0   0   0   0   0   0   0   0   0   0   0   0   0   0   0   0   0   0   0   0   0   0   0   0   0   0   0   0   0]
[0   0   0   0   0   0   0   0   0   0   0   0   0   0   0   0   0   0   0   0   0   0   0   0   0   0   0   0   0   0   0   0   0   0   0   0   0   0   0   0   0   0   0   0   0   0   0   0   1   1   1   1   1   1   1   1   1   1   1   0   0   0   0   0   0   0   0   0   0   0   0   0   0   0   0   0   0   0   0   0   0   0   0   0   0   0   0   0   0   0   0   0   0   0   0   0   0   0   0   0]
[0   0   0   0   0   0   0   0   0   0   0   0   0   0   0   0   0   0   0   0   0   0   0   0   0   0   0   0   0   0   0   0   0   0   0   0   0   0   0   0   0   0   0   0   0   0   0   0   0   0   0   0   0   0   0   0   0   0   0   0   0   0   0   0   0   0   0   0   0   0   0   0   0   0   0   0   0   0   0   0   0   0   0   0   0   0   0   0   0   0   0   0   0   0   0   0   0   0   0   0]
[0   0   0   0   0   0   0   0   0   0   0   0   0   0   0   0   0   0   0   0   0   0   0   0   0   0   0   0   0   0   0   0   0   0   0   0   0   0   0   0   0   0   0   0   0   0   0   0   0   0   0   0   0   0   0   0   0   0   0   0   0   0   0   0   0   0   0   0   0   0   0   0   0   0   0   0   0   0   0   0   0   0   0   0   0   0   0   0   0   0   0   0   0   0   0   0   0   0   0   0]
[0   0   0   0   0   0   0   0   0   0   0   0   0   0   0   0   0   0   0   0   0   0   0   0   0   0   0   0   0   0   0   0   0   0   0   0   0   0   0   0   0   0   0   0   0   0   0   0   0   0   0   0   0   0   0   0   0   0   0   0   0   0   0   0   0   0   0   0   0   0   0   0   0   0   0   0   0   0   0   0   0   0   0   0   0   0   0   0   0   0   0   0   0   0   0   0   0   0   0   0]
